min_val: -0.523538
max_val: 0.499602
